{
    "category_id_to_label": {
        "0": "0",
        "1": "1",
        "2": "2",
        "3": "3",
        "4": "4",
        "5": "5",
        "6": "6"
    },
    "objects": [
        {
            "category_id": 0,
            "object_id": 0,
            "ellipsoid": {
                "axes": [
                    0.17790342378298427,
                    0.4196947342281149,
                    0.34077547801835967
                ],
                "R": [
                    [
                        0.6265048551007313,
                        -0.720591209564343,
                        0.2970521422811295
                    ],
                    [
                        -0.712602874538981,
                        -0.6839553939233161,
                        -0.1562119147887997
                    ],
                    [
                        0.31573534761567823,
                        -0.11381268743773053,
                        -0.9419967422683628
                    ]
                ],
                "center": [
                    -0.6475552230828737,
                    1.6728880646773112,
                    0.458813457746605
                ]
            }
        },
        {
            "category_id": 0,
            "object_id": 1,
            "ellipsoid": {
                "axes": [
                    0.4433777080322151,
                    0.343021362184948,
                    0.37694617444441275
                ],
                "R": [
                    [
                        0.9996069407184738,
                        0.027796705791254272,
                        -0.003647905509779584
                    ],
                    [
                        0.0012637250476086092,
                        -0.17466300878145108,
                        -0.9846274606989261
                    ],
                    [
                        -0.028006553991126355,
                        0.9842358337870883,
                        -0.1746294832580593
                    ]
                ],
                "center": [
                    0.9618725595821641,
                    1.9634932013343134,
                    0.4219656091474671
                ]
            }
        },
        {
            "category_id": 1,
            "object_id": 2,
            "ellipsoid": {
                "axes": [
                    0.2845037494354427,
                    0.18057472335963232,
                    0.08037729820234313
                ],
                "R": [
                    [
                        0.6950316186634626,
                        -0.7113370155959485,
                        0.10454998470156115
                    ],
                    [
                        -0.7009132279086363,
                        -0.7027582950338267,
                        -0.12186642566287437
                    ],
                    [
                        0.16016146852705637,
                        0.01142055183422843,
                        -0.987024759058788
                    ]
                ],
                "center": [
                    -0.7136901393951952,
                    1.7136244427341658,
                    -0.08715120627313891
                ]
            }
        },
        {
            "category_id": 1,
            "object_id": 3,
            "ellipsoid": {
                "axes": [
                    0.2364234654295947,
                    0.1746075948167475,
                    0.07750997163964218
                ],
                "R": [
                    [
                        0.16790849102991354,
                        0.9819701489565182,
                        0.08684103407013569
                    ],
                    [
                        0.977670653893346,
                        -0.15458445133132698,
                        -0.14235076368727437
                    ],
                    [
                        -0.12635992701728987,
                        0.10880383249180993,
                        -0.985999439593796
                    ]
                ],
                "center": [
                    0.881367150096707,
                    1.973811155401261,
                    -0.10066588666804457
                ]
            }
        },
        {
            "category_id": 2,
            "object_id": 4,
            "ellipsoid": {
                "axes": [
                    0.2130813372990089,
                    0.15798663400711946,
                    0.07604038302648698
                ],
                "R": [
                    [
                        -0.7464429265509548,
                        -0.5545446588382085,
                        -0.36783580407032207
                    ],
                    [
                        -0.6630178145567397,
                        0.6669781343913127,
                        0.33992285275381157
                    ],
                    [
                        0.0568360359494789,
                        0.4976146999415302,
                        -0.8655340983575692
                    ]
                ],
                "center": [
                    -0.28289638589185423,
                    1.7948969206807315,
                    -0.249435652619029
                ]
            }
        },
        {
            "category_id": 2,
            "object_id": 5,
            "ellipsoid": {
                "axes": [
                    0.24055877935769834,
                    0.1439650208931686,
                    0.15157070338546122
                ],
                "R": [
                    [
                        -0.4041402058835931,
                        -0.6486903553027282,
                        -0.6448810098968558
                    ],
                    [
                        -0.9144472944268388,
                        0.27005802409717766,
                        0.30142131533148536
                    ],
                    [
                        -0.021373808827659588,
                        0.7115261671631959,
                        -0.7023344457865133
                    ]
                ],
                "center": [
                    -0.6083518289839551,
                    1.0673536655377143,
                    -0.22730527167285391
                ]
            }
        },
        {
            "category_id": 2,
            "object_id": 6,
            "ellipsoid": {
                "axes": [
                    0.11021662375625348,
                    0.25072606804543834,
                    0.18951392235544492
                ],
                "R": [
                    [
                        -0.9947257917686696,
                        0.09535024397206511,
                        0.037801192635432766
                    ],
                    [
                        0.06233116136817413,
                        0.854624271515124,
                        -0.5154921734223892
                    ],
                    [
                        -0.0814581212199745,
                        -0.5104171681200697,
                        -0.8560600965911215
                    ]
                ],
                "center": [
                    0.6307854461831056,
                    1.081755230749671,
                    -0.295175498634218
                ]
            }
        },
        {
            "category_id": 3,
            "object_id": 7,
            "ellipsoid": {
                "axes": [
                    0.11144366319435015,
                    0.05186568254044441,
                    0.08437447819846665
                ],
                "R": [
                    [
                        -0.4002897792145718,
                        -0.7046034775940115,
                        0.5859198170558618
                    ],
                    [
                        -0.9126221244984396,
                        0.24860417935634338,
                        -0.32452553040171417
                    ],
                    [
                        0.08299970200129775,
                        -0.6646276411412516,
                        -0.7425504347172059
                    ]
                ],
                "center": [
                    -0.29979943728969427,
                    1.0024888865098383,
                    -0.19117923404430529
                ]
            }
        },
        {
            "category_id": 4,
            "object_id": 8,
            "ellipsoid": {
                "axes": [
                    0.176306186807118,
                    0.09696996280232797,
                    0.10936621528727862
                ],
                "R": [
                    [
                        -0.33922507035425464,
                        -0.7323488184239756,
                        0.5904164291380761
                    ],
                    [
                        -0.9403457302103253,
                        0.28133965676528366,
                        -0.1913057897879795
                    ],
                    [
                        -0.026004986413398493,
                        -0.6200912881860211,
                        -0.7840985492892079
                    ]
                ],
                "center": [
                    0.4617409363977288,
                    2.176728937585114,
                    -0.19351901458443063
                ]
            }
        },
        {
            "category_id": 5,
            "object_id": 9,
            "ellipsoid": {
                "axes": [
                    0.025678840931716667,
                    0.06426116845378854,
                    0.059502310874032655
                ],
                "R": [
                    [
                        0.19183106732778105,
                        -0.8700433501603362,
                        -0.4541204801037524
                    ],
                    [
                        -0.9813242935455516,
                        -0.16331650739873677,
                        -0.10163832598189905
                    ],
                    [
                        0.014264378893197396,
                        0.4651368478768983,
                        -0.885123855876642
                    ]
                ],
                "center": [
                    -0.24871985689640144,
                    2.287511026218901,
                    0.24901164158385647
                ]
            }
        },
        {
            "category_id": 6,
            "object_id": 10,
            "ellipsoid": {
                "axes": [
                    0.08824363472966783,
                    0.06515494036182076,
                    0.055196297363881645
                ],
                "R": [
                    [
                        0.9713609389908439,
                        -0.20735840521674226,
                        0.11601904149231541
                    ],
                    [
                        -0.22742226681662764,
                        -0.6699186240355705,
                        0.7067447557119017
                    ],
                    [
                        -0.0688261488012584,
                        -0.7128895629452414,
                        -0.6978907022485173
                    ]
                ],
                "center": [
                    -0.012386731906681743,
                    2.1452876833564107,
                    -0.5660256710246713
                ]
            }
        }
    ]
}